-7.367654e+01
1.807353e-02
3.251157e-01
2.755507e-01
2.082481e-05
9.984540e-01
4.452736e-02
3.224454e-02
9.811075e-03
4.149033e-02
1.349255e-03
9.469964e-01
8.048514e-04
7.367450e-03
8.068705e-01
2.016147e-06
4.825713e-07
3.625937e+00
7.912355e-01
1.810083e-02
1.277792e-01
5.731537e-03
6.926826e-04
3.919955e-03
1.355671e-01
4.406099e-03
1.347642e-02
2.112540e-02
1.033230e-01
1.892206e-01
3.824458e-04
9.597222e-01
9.209185e+00
9.209588e+00
9.209768e+00
3.236635e-04
2.299146e-04
2.079306e-04
5.050013e-01
